
@

4 27 0.000471115112305
4 4 0.000176906585693
4 4 0.000190019607544
4 6 0.000205993652344
4 6 0.000213146209717
@

21 131 0.00166010856628
21 27 0.000498056411743
21 24 0.000483989715576
21 36 0.000645875930786
21 48 0.001296043396
@

9 74 0.00198888778687
9 11 0.000379800796509
9 10 0.000308036804199
9 19 0.000444889068604
9 22 0.000452995300293
@

19 174 0.00239300727844
19 21 0.000432014465332
19 19 0.000482082366943
19 33 0.00105500221252
19 33 0.000697135925293
@

@

15 150 0.00220203399658
15 15 0.000365018844604
15 15 0.000381946563721
15 25 0.000612020492554
15 25 0.000553131103516
@

7 55 0.00100302696228
7 7 0.000359058380127
7 7 0.000293016433716
7 9 0.000365018844604
7 9 0.000423908233643
@

@

@

25 87 0.00121903419495
25 26 0.000501871109009
25 25 0.000974178314209
25 59 0.00124001502991
25 60 0.00115919113159
@

23 289 0.00412201881409
23 23 0.000549077987671
23 23 0.000594139099121
23 131 0.00226306915283
23 175 0.00305891036987
@

22 206 0.00318503379822
24 26 0.000913143157959
22 24 0.000515222549438
22 58 0.000884056091309
22 70 0.00118398666382
@

25 220 0.00297522544861
25 37 0.00067400932312
25 34 0.000716924667358
25 59 0.000986099243164
25 91 0.00164699554443
@

25 203 0.00252199172974
25 26 0.00056791305542
25 27 0.000619173049927
25 98 0.00147604942322
25 126 0.00193905830383
@

11 141 0.00195097923279
11 11 0.000290870666504
11 11 0.000308990478516
11 23 0.00046706199646
11 31 0.00068998336792
@

@

17 176 0.00272297859192
17 17 0.000411033630371
17 17 0.000420093536377
82 1033 0.0204401016235
82 1389 0.0556478500366
82 1389 0.0534710884094
9 55 0.00930595397949
9 23 0.000494003295898
82 1033 0.0227510929108
82 1389 0.0581328868866
210 617 0.0246269702911
210 591 0.00984191894531
82 1033 0.019632101059
82 1033 0.0186479091644
82 1033 0.0202610492706
82 1033 0.0277309417725
82 1389 0.0194191932678
82 1389 0.0145378112793
32 61 0.0680620670319
210 549 0.0230131149292
1102 73584 1.15636491776
1102 73584 2.06394600868
210 549 0.00756287574768
210 583 0.00972700119019
210 461 0.00804400444031
210 461 0.00850820541382
210 606 0.00794196128845
210 606 0.00900292396545
210 606 0.00854992866516
210 461 0.00803399085999
210 461 0.00666618347168
210 461 0.00704407691956
1434 43081 0.505196094513
1102 73584 1.16332817078
1102 73584 1.18247795105
1124 1321371 20.3836507797
82 1389 0.0175240039825
82 1033 0.023246049881
82 1033 0.0202848911285
82 1389 0.0165848731995
210 472 0.0209519863129
1454 19690 0.245370864868